-8888 3128 14160 24.48 -452 -807 -186
-8888 3172 14100 24.39 -438 -804 -135
-8948 3172 14064 24.39 -446 -778 -147
-8864 3072 14180 24.44 -447 -777 -182
-8928 3112 14124 24.44 -451 -771 -210
-8868 3108 14256 24.48 -441 -755 -179
-8780 3196 14200 24.48 -444 -770 -176
-8884 3140 14092 24.48 -425 -740 -113
-8924 3096 14260 24.53 -443 -792 -165
-8936 3148 14016 24.34 -448 -816 -162
-8904 3116 14304 24.39 -460 -799 -216
-8912 3092 14172 24.39 -424 -826 -193
-8996 3188 14164 24.39 -431 -791 -149
-8980 3100 14300 24.39 -434 -794 -131
-8952 3188 14156 24.44 -436 -774 -150
-8796 3184 14292 24.44 -458 -797 -191
-8864 3056 14052 24.39 -445 -805 -195
-8828 3300 14116 24.44 -487 -804 -228
-8852 3140 14204 24.44 211 -1147 114
-8916 3268 14200 24.44 -402 -836 -163
-8964 3144 14240 24.39 -391 -783 -107
-8892 3124 14100 24.48 -274 -839 -113
-8784 3280 14228 24.44 -246 -868 -128
-8896 3152 14136 24.44 -313 -832 -172
-8940 3232 14136 24.48 -417 -734 -189
-9064 3032 14036 24.44 -709 -649 -231
-8876 3404 14088 24.34 -244 -975 -52
-8768 3196 13904 24.34 -617 -573 -228
-8884 3336 14176 24.44 263 -1142 82
-9036 3160 14168 24.53 -207 -982 -136
-9024 3128 14244 24.44 -446 -838 -252
-9020 3124 13936 24.44 -201 -888 -69
-8960 3124 14336 24.44 -277 -881 -97
-8912 3108 14108 24.44 -366 -839 -73
-9144 3136 14108 24.34 -483 -772 -192
-9012 3120 14236 24.39 -419 -835 -177
-8972 2996 14300 24.39 -573 -771 -256
-8912 3152 14148 24.48 -470 -775 -152
-9004 3232 14080 24.48 -442 -803 -152
-8948 3208 14240 24.48 -444 -776 -162
-8832 3124 14004 24.44 -474 -759 -160
-8952 3016 14140 24.44 -448 -791 -185
-8968 3148 14064 24.34 -434 -776 -197
-9032 3208 14164 24.48 -454 -779 -182
-8992 3124 14120 24.39 -425 -779 -141
-8996 3160 14092 24.48 -442 -771 -121
-9008 3120 14120 24.48 -443 -764 -166
-8852 3108 14248 24.39 -461 -809 -187
-8840 3168 14040 24.44 -439 -829 -209
-9004 3144 14120 24.44 -464 -787 -164
-8936 3164 14200 24.44 -467 -795 -150
-9036 3104 14124 24.53 -444 -785 -116
-8744 3124 13936 24.34 -459 -801 -141
-8972 3192 14172 24.39 -442 -797 -173
-9040 3116 14156 24.53 -472 -789 -216
-8960 3096 14240 24.44 -454 -809 -166
-9080 3236 14112 24.39 -443 -739 -155
-8992 3088 14220 24.48 -468 -767 -125
-9020 3192 14016 24.44 -443 -775 -120
-8960 3132 14128 24.44 -436 -765 -173
-9016 3164 14368 24.34 -429 -786 -201
-8900 3208 14204 24.44 -454 -793 -172
-8948 3148 14192 24.48 -436 -763 -163
-8916 3152 14188 24.44 -430 -792 -128
-8980 3180 14212 24.39 -432 -806 -163
-8968 3176 14176 24.48 -448 -790 -184
-8900 3176 14320 24.39 -452 -766 -197
-8936 3100 14100 24.48 -446 -804 -193
-8856 3184 14168 24.39 -448 -801 -175
-8980 3148 14100 24.34 -439 -769 -148
-9012 3168 14112 24.44 -462 -781 -165
-8888 3084 14224 24.34 -469 -788 -160
-8928 3148 14248 24.39 -461 -802 -197
-8948 3116 14120 24.44 -450 -777 -201
-8908 3192 14164 24.44 -423 -805 -162
-8980 3212 14224 24.39 -452 -793 -154
-9024 3152 14168 24.48 -425 -782 -124
-8768 3208 14220 24.39 -422 -795 -153
-8924 3128 14208 24.58 -436 -756 -194
-8872 3092 14144 24.48 -425 -766 -195
-9056 3212 14076 24.48 -415 -782 -177
-8884 3124 14084 24.44 -432 -801 -167
-8992 3152 14144 24.44 -440 -794 -124
-8924 3100 14204 24.44 -434 -785 -152
-8868 3144 14164 24.44 -444 -792 -180
-8980 3144 14136 24.44 -437 -819 -197
-8828 3148 14104 24.48 -450 -798 -206
-8832 3104 14240 24.48 -431 -775 -173
-8952 3124 14100 24.48 -442 -760 -164
-8952 3244 14220 24.48 -455 -795 -151
-8928 3080 14156 24.39 -439 -782 -189
-8872 3172 14016 24.39 -450 -800 -198
-8852 3140 14200 24.53 -432 -776 -185
-8972 3112 14144 24.39 -453 -804 -152
-8840 3016 14236 24.44 -439 -776 -141
-8876 3120 14200 24.53 -471 -793 -149
-8928 3136 14180 24.44 -439 -818 -167
-8904 3140 14296 24.44 -444 -774 -188
-8924 3012 14076 24.44 -447 -805 -206
-8892 3180 14132 24.34 -423 -773 -164
-8948 3232 14180 24.44 -457 -773 -145
-9096 3036 14180 24.44 -455 -798 -158
-8964 3116 14072 24.53 -453 -769 -159
-8964 3132 14064 24.44 -436 -805 -186
-8816 3188 14148 24.44 -432 -767 -209
-8888 3180 14220 24.44 -441 -802 -173
-9036 3140 14188 24.44 -434 -764 -157
-8988 3068 14056 24.44 -441 -795 -129
-8888 3080 14116 24.48 -437 -766 -168
-8976 3168 14244 24.44 -462 -753 -215
-8888 3124 14096 24.39 -466 -798 -202
-8896 3136 14072 24.44 -449 -808 -189
-8908 3192 14232 24.48 -467 -794 -157
-8912 3156 14140 24.44 -439 -771 -137
-8996 3104 14140 24.39 -452 -813 -146
-8888 3092 14280 24.39 -451 -761 -181
-8916 3104 14076 24.48 -435 -799 -207
-9004 3100 14100 24.44 -442 -782 -181
-8820 3096 14084 24.34 -446 -823 -131
-8892 3168 14004 24.39 -447 -812 -149
-8864 3128 14132 24.39 -426 -802 -141
-8948 3236 14200 24.44 -447 -784 -181
-8904 3152 14280 24.44 -427 -795 -199
-8824 3244 14052 24.48 -438 -782 -191
-8940 3052 14100 24.39 -432 -775 -145
-8860 3140 14172 24.48 -457 -738 -122
-8892 3140 14180 24.34 -449 -813 -144
-9008 3160 14352 24.44 -441 -786 -157
-8888 3152 14136 24.53 -455 -765 -189
-8908 3188 14112 24.44 -457 -782 -200
-8996 3124 14220 24.48 -458 -782 -151
-8852 3140 14172 24.44 -448 -763 -145
-8816 3240 14024 24.44 -453 -815 -135
-8860 3124 14344 24.34 -460 -815 -162
-8852 3148 14232 24.44 -450 -790 -197
-8924 3184 14096 24.53 -452 -772 -197
-9012 3068 14208 24.44 -437 -834 -171
-8996 3176 14232 24.44 -456 -784 -157
-8940 3100 14132 24.39 -458 -794 -141
-8944 3200 14100 24.44 -453 -776 -139
-9000 3080 14304 24.48 -446 -783 -198
-8952 3132 14160 24.44 -447 -777 -201
-8936 3128 14172 24.44 -455 -773 -178
-8884 3108 14240 24.39 -439 -780 -165
-8948 3180 14120 24.44 -435 -792 -120
-8856 3220 14172 24.34 -434 -778 -163
-8868 3148 14216 24.44 -440 -758 -195
-8956 3012 14328 24.48 -429 -787 -197
-8932 3188 14172 24.44 -447 -818 -203
-8932 3120 14184 24.34 -423 -803 -175
-8932 3120 14188 24.34 -450 -798 -145
-8912 3164 14268 24.44 -445 -793 -141
-8868 3072 14164 24.44 -442 -798 -172
-8984 3180 14040 24.44 -442 -761 -201
-8932 3120 14072 24.44 -449 -813 -201
-8776 3324 14152 24.44 237 -1054 77
-8936 3116 14148 24.44 -905 -492 -300
-8960 3304 14140 24.39 26 -1054 -64
-8860 3100 14112 24.53 -222 -1072 -112
-8776 3132 14032 24.39 -880 -517 -367
-8872 3128 14016 24.44 -775 -550 -326
-8916 3168 14268 24.39 461 -992 206
-8760 3048 14496 24.39 -277 -1254 -70
-9008 3100 14148 24.39 -927 -545 -274
-8904 3104 14260 24.39 -330 -871 -109
-8852 3140 14208 24.44 -397 -816 -159
-8968 3148 14192 24.34 -465 -760 -218
-9028 3160 13988 24.34 -445 -766 -182
-8824 3064 14228 24.39 -412 -829 -128
-8948 3184 14252 24.39 -411 -791 -95
-8984 3152 14224 24.29 -428 -761 -180
-9036 3128 14248 24.53 -977 -703 -364
-9012 3156 14192 24.34 -392 -841 -208
-8904 3152 14144 24.48 -534 -785 -222
-8872 2944 14148 24.29 -311 -660 -168
-9124 3036 14096 24.44 -507 -770 -176
-8980 3064 14216 24.39 -435 -821 -155
-8860 3216 14012 24.48 -434 -809 -179
-8920 3180 14140 24.48 -464 -782 -217
-8944 3168 14156 24.39 -469 -803 -183
-8884 3148 14216 24.39 -462 -791 -183
-8960 3212 14132 24.39 -480 -756 -127
-8948 3208 14180 24.44 -424 -791 -165
-8964 3124 14084 24.44 -510 -698 -199
-8996 3132 14172 24.20 -470 -762 -225
-8944 3044 14208 24.48 -458 -760 -180
-9012 3028 14200 24.44 -546 -734 -149
-8956 3096 14196 24.44 -349 -825 -110
-8384 3288 15288 24.44 10636 -8466 4187
-5928 6952 14004 24.39 -4625 -1779 -1070